0 601
0 427
0 573
0 239
1 740
1 581
1 556
1 751
1 602
1 155
1 126
2 112
2 593
2 499
2 140
2 944
3 728
3 259
3 230
3 791
4 704
4 803
4 532
4 614
5 19
5 487
5 45
5 175
6 772
6 565
6 878
7 848
8 171
8 493
8 913
8 500
8 668
8 191
9 184
9 433
9 235
9 972
9 536
10 297
11 129
11 34
11 332
11 109
11 854
11 759
11 920
11 988
11 349
12 996
12 964
13 737
13 138
13 668
13 202
13 670
14 612
14 358
14 393
14 426
14 300
14 114
14 212
14 852
14 252
14 925
15 272
15 688
15 186
15 187
15 792
16 625
16 551
16 653
16 305
16 465
16 538
16 443
17 253
17 405
18 760
18 589
19 67
19 68
19 879
19 176
19 131
19 23
19 124
19 127
20 619
20 515
20 28
20 715
20 731
21 977
21 594
21 819
21 318
21 415
22 637
22 647
23 635
23 132
23 326
23 811
23 367
23 531
23 707
23 315
24 514
24 100
24 778
24 566
24 399
25 120
25 108
25 271
26 248
26 258
26 269
26 511
27 864
27 905
27 748
27 214
28 650
28 683
28 373
28 60
28 926
29 505
29 274
29 558
29 897
30 994
30 147
30 325
30 615
30 112
30 435
30 516
30 380
30 157
31 106
31 900
31 450
31 310
31 871
32 866
32 773
32 270
32 487
33 741
33 426
33 309
33 118
33 282
33 319
34 971
34 997
34 70
34 338
34 892
35 225
35 722
35 371
35 408
35 314
35 667
36 832
36 657
36 495
36 692
36 143
37 520
37 40
37 234
37 108
37 815
37 49
37 243
37 693
37 152
37 473
37 124
37 874
38 817
38 492
38 917
38 199
39 345
39 138
39 308
39 837
39 270
40 833
40 515
40 934
40 841
40 437
41 706
41 644
41 678
41 999
41 400
41 850
41 563
41 245
41 93
42 549
42 422
42 748
42 750
42 815
42 498
42 805
42 982
42 696
42 539
42 479
43 423
44 232
44 761
44 715
44 848
44 855
45 194
45 204
45 269
45 141
45 791
45 184
45 399
46 275
46 436
46 909
46 998
47 552
47 324
47 631
48 167
48 594
48 470
48 344
48 511
48 415
49 847
49 707
49 747
49 559
50 544
50 458
51 891
51 339
51 447
51 127
52 520
52 289
52 758
53 448
53 995
53 741
53 968
53 663
53 123
54 934
54 395
54 114
54 665
54 121
54 895
55 281
55 554
55 827
55 244
56 288
56 710
56 457
56 237
56 942
56 303
56 82
56 695
57 537
57 883
57 372
57 921
58 402
58 595
58 426
58 414
59 658
59 994
59 439
60 930
60 612
60 422
60 746
60 93
60 863
61 513
61 802
61 716
61 663
62 280
62 785
62 165
62 470
62 879
63 160
63 291
63 648
63 429
63 687
63 345
63 442
63 156
63 893
63 383
64 162
64 332
64 685
64 660
64 757
64 951
64 761
65 825
65 76
65 638
65 150
65 975
66 200
66 114
66 579
66 802
66 815
67 324
67 522
67 945
67 88
67 732
68 130
68 103
68 820
68 918
68 692
68 859
69 256
69 258
69 484
69 584
69 684
69 558
69 508
70 964
70 934
70 969
70 183
70 526
70 983
70 663
70 825
71 352
71 979
72 974
72 959
73 952
73 314
73 474
73 671
74 999
74 683
74 412
74 933
74 989
75 224
75 324
75 934
75 532
75 855
75 90
75 702
76 327
76 714
76 402
76 343
76 504
77 376
77 954
77 869
78 800
78 129
78 899
78 388
78 329
78 591
78 530
78 981
78 791
78 764
79 520
79 544
80 496
80 884
80 650
80 708
80 93
81 907
81 875
81 463
81 564
81 919
81 315
81 796
82 708
82 749
82 562
82 247
82 317
83 761
83 953
83 926
83 951
84 184
84 992
84 709
85 448
85 449
85 546
85 426
85 812
85 141
85 94
86 641
86 943
86 145
86 210
86 383
86 799
87 745
88 920
88 811
88 341
89 289
89 146
89 545
89 527
90 997
90 966
90 269
90 119
90 184
90 766
91 453
91 339
91 796
91 333
91 183
92 426
92 327
92 900
92 151
93 640
93 997
93 460
93 765
94 593
94 316
94 431
95 801
95 750
95 690
95 535
95 824
95 925
96 297
96 362
96 444
96 412
96 637
97 921
97 977
97 823
98 762
98 491
99 264
99 849
99 573
99 518
99 767
100 321
100 451
100 645
100 942
100 949
100 825
100 730
100 861
101 360
101 384
101 364
101 253
101 413
102 258
102 419
102 264
102 139
102 717
102 349
103 673
103 775
103 619
103 273
103 509
104 224
104 682
104 629
104 885
104 215
104 351
105 802
105 871
105 361
105 587
105 973
105 174
105 751
105 413
106 737
106 962
106 835
106 239
106 497
106 892
106 190
106 479
107 804
107 198
107 327
107 845
107 964
107 190
107 511
108 546
108 881
108 866
108 721
108 278
108 957
109 648
109 711
110 513
110 516
110 620
110 402
110 368
110 370
111 881
111 682
111 750
111 470
111 119
112 290
112 270
112 848
112 977
112 474
113 595
113 638
114 325
114 215
115 705
115 242
115 412
115 953
115 231
116 448
116 129
116 161
116 328
116 265
116 492
116 974
116 592
116 658
116 221
117 960
117 809
117 591
117 208
117 338
117 981
117 982
117 151
118 865
118 426
118 878
118 595
118 661
118 121
118 892
118 810
118 373
119 371
119 138
119 731
121 715
121 623
121 185
121 989
122 825
122 274
123 624
123 610
123 166
123 671
124 929
124 834
124 868
124 648
124 898
125 280
125 881
125 219
125 927
125 215
126 896
126 710
126 907
126 817
126 726
127 224
127 290
127 166
127 243
127 335
127 788
127 886
127 249
127 829
128 935
128 811
128 531
128 692
128 246
128 280
128 468
128 924
128 222
129 747
129 506
129 571
130 801
130 905
130 429
130 430
130 282
130 349
130 478
131 740
131 854
131 753
131 360
131 361
131 970
131 620
131 888
131 552
131 406
131 983
131 792
131 764
132 216
132 450
132 650
132 622
133 297
133 435
133 356
133 772
133 649
134 488
134 775
134 423
135 896
135 426
136 986
136 742
136 543
137 840
137 483
137 207
138 811
138 837
139 865
139 258
139 646
139 939
139 589
139 471
139 666
139 543
140 570
140 732
140 501
140 431
141 419
141 455
141 809
141 822
142 231
142 361
142 458
142 306
142 374
142 600
143 386
143 438
143 166
143 937
143 844
143 879
143 626
143 502
143 504
143 857
144 642
144 292
144 933
144 911
144 466
144 595
144 475
145 850
145 907
145 788
146 335
146 609
146 175
147 832
147 903
147 427
147 370
147 788
147 343
147 952
147 287
148 608
148 227
148 424
148 365
148 758
148 251
148 540
149 600
149 577
149 718
150 360
150 689
150 566
150 353
151 899
151 804
151 974
151 747
151 750
151 340
152 289
152 994
152 329
152 439
152 492
152 855
153 298
153 155
153 420
153 501
154 963
154 741
154 715
154 951
154 920
154 933
155 392
155 269
155 781
155 215
155 568
155 827
155 638
156 258
157 569
157 937
157 374
157 487
158 648
158 614
159 528
159 712
159 596
159 766
159 767
160 545
160 699
160 172
161 393
161 878
161 605
161 914
161 600
161 635
161 509
162 982
163 282
163 940
163 781
163 935
164 736
164 345
164 761
164 374
164 223
165 615
165 812
165 210
165 374
165 923
165 927
166 312
166 533
167 248
167 187
167 683
167 751
168 216
168 254
169 373
169 551
170 613
170 903
170 553
170 411
170 316
170 645
171 599
171 671
171 327
172 576
172 875
172 806
172 299
172 852
172 827
172 989
173 630
173 876
173 237
173 502
173 511
174 513
174 995
174 701
174 777
174 345
174 381
175 882
175 239
175 378
175 284
175 666
176 664
176 641
176 876
176 334
177 276
177 933
178 307
178 374
179 348
179 305
179 340
179 453
179 628
180 217
180 738
180 435
180 630
181 268
181 709
181 990
182 262
182 620
182 466
182 949
182 379
182 926
182 981
183 912
183 660
183 983
184 890
184 580
184 293
184 202
184 593
184 858
184 517
185 730
185 258
185 418
185 343
186 751
186 396
187 864
187 419
187 838
187 806
187 555
187 781
187 337
187 951
188 416
188 410
188 309
188 630
189 467
189 995
190 808
191 928
191 929
191 721
191 723
191 798
192 600
192 866
192 847
192 333
192 671
193 642
193 677
193 327
193 701
193 214
193 950
193 314
193 667
193 221
194 896
194 246
194 629
195 225
195 321
195 463
195 593
195 664
195 543
196 440
196 707
197 865
197 330
197 821
198 291
198 838
198 873
198 600
198 734
199 771
199 774
199 617
199 395
199 591
199 873
199 409
200 428
200 294
200 407
201 424
201 425
201 702
201 294
202 680
202 533
202 534
202 542
202 405
203 433
203 522
203 419
203 907
203 598
204 427
204 227
204 279
205 811
205 655
205 653
205 798
205 599
206 552
206 783
206 859
206 675
206 279
207 269
207 785
207 690
207 914
207 443
207 606
208 423
208 488
208 780
208 944
208 242
208 476
208 799
209 641
209 253
210 278
210 241
210 726
210 793
210 442
211 451
211 967
211 751
212 290
212 988
212 941
213 545
213 324
213 885
213 983
214 898
214 909
214 809
215 738
215 585
215 842
215 398
215 701
215 915
215 412
216 771
216 496
216 531
216 628
216 951
217 320
217 614
217 776
217 937
217 529
217 953
217 447
218 320
218 848
218 627
218 343
218 542
218 351
219 864
219 992
219 332
219 693
219 822
219 670
220 489
220 978
220 892
220 293
221 776
221 779
221 725
221 923
222 337
222 985
223 636
223 229
223 681
224 975
224 659
224 566
224 984
225 404
226 673
226 658
226 735
226 543
227 865
227 418
227 461
227 783
227 245
227 759
227 731
228 474
228 653
229 896
229 746
229 779
229 237
229 625
229 248
229 761
230 681
230 696
230 751
230 369
230 787
230 983
230 344
230 766
231 321
231 835
231 745
232 291
232 955
233 371
233 829
233 975
234 961
234 589
235 242
235 301
235 694
236 280
236 651
237 739
237 644
237 490
237 971
237 669
237 921
237 317
238 991
238 893
238 901
239 672
239 578
239 776
239 969
239 875
239 397
239 528
239 625
239 919
239 768
240 416
240 945
240 381
241 550
241 807
241 265
241 583
241 478
241 927
242 736
242 912
242 747
242 389
242 749
242 377
242 316
243 320
243 611
243 548
243 392
244 256
244 409
244 274
244 594
246 704
246 293
246 362
246 465
247 320
247 864
247 325
247 490
247 530
248 486
248 912
248 631
248 829
248 862
249 800
249 423
249 723
250 696
250 756
251 609
251 625
252 869
252 776
252 841
252 855
252 669
253 497
253 597
253 734
254 784
254 349
254 925
255 593
255 891
256 268
256 778
257 272
257 991
257 749
257 910
257 263
258 493
258 372
258 662
258 443
259 379
259 473
260 448
260 579
260 709
260 743
260 968
260 519
261 904
261 410
261 484
262 442
262 682
262 679
263 549
263 681
263 302
263 270
263 485
264 599
265 353
265 423
265 627
265 378
265 636
266 616
266 556
266 716
266 565
266 470
266 981
267 300
267 374
268 385
268 672
268 500
269 936
269 435
270 437
270 671
271 354
271 295
271 781
271 977
271 370
271 275
271 866
273 440
273 884
273 789
274 692
274 945
275 873
275 423
275 493
276 970
276 796
276 295
277 297
277 691
277 669
277 857
278 738
278 447
279 580
279 784
279 917
279 758
279 412
280 433
280 955
280 572
280 735
281 435
282 758
283 436
283 437
284 615
284 441
284 378
284 463
285 843
286 301
286 550
286 319
287 608
287 419
287 869
287 327
287 494
288 570
288 635
288 990
288 806
289 480
289 877
289 824
289 374
290 826
290 795
291 610
291 455
291 438
292 865
292 836
292 582
292 839
292 977
293 329
293 531
293 500
294 867
294 465
294 403
294 905
295 546
295 815
295 786
295 851
295 756
295 926
296 505
297 737
297 742
297 713
297 943
297 824
298 763
298 961
299 801
299 831
301 741
301 526
301 725
302 784
302 850
303 736
303 928
303 491
303 882
303 818
303 509
304 498
304 395
304 566
305 321
305 902
305 897
305 844
305 527
305 468
305 959
306 611
306 934
307 899
307 580
307 812
307 844
307 914
307 495
308 777
308 939
308 432
308 689
308 754
308 923
308 413
309 514
309 324
309 814
309 463
309 407
309 728
309 815
310 368
310 402
310 900
311 336
311 829
311 549
311 702
311 733
312 830
313 768
313 545
313 867
313 783
313 633
313 602
313 891
314 383
314 877
315 994
315 505
315 667
316 930
316 454
316 457
316 715
316 656
316 953
316 604
317 986
317 380
318 912
318 427
318 484
318 791
319 820
320 624
321 924
322 711
323 361
323 935
323 604
323 393
324 581
324 713
324 827
324 565
325 348
325 834
326 504
326 434
326 734
327 523
327 390
327 842
328 483
328 644
328 905
328 499
328 596
329 547
329 454
329 616
329 691
329 915
330 588
330 538
330 420
330 593
331 554
331 755
331 420
331 934
331 782
332 480
332 489
332 717
332 467
332 435
332 409
332 863
334 418
334 390
334 785
334 746
334 497
334 503
335 975
335 580
336 400
336 843
336 571
336 774
337 416
337 903
337 714
337 531
338 428
338 877
339 720
339 577
339 881
341 354
341 866
341 682
342 435
342 621
343 846
343 956
344 708
344 453
344 877
345 803
345 759
346 797
346 670
346 965
347 561
348 514
348 964
348 798
349 567
349 605
350 848
350 900
350 595
350 804
350 638
352 904
352 378
352 482
352 654
353 642
353 476
353 414
354 520
354 491
354 461
354 592
355 385
355 883
355 663
356 921
356 814
356 923
356 694
357 392
357 379
357 853
358 897
359 824
359 393
359 611
359 957
360 545
360 974
360 693
360 855
360 730
360 413
360 757
361 576
361 805
361 460
361 846
361 919
361 958
362 975
362 550
362 911
363 879
363 471
363 383
364 972
364 668
364 687
365 508
365 729
365 515
365 439
366 513
366 627
368 708
368 985
368 380
368 702
369 444
369 747
369 944
369 828
369 702
370 917
371 791
371 527
371 983
372 735
373 908
374 459
374 520
374 717
375 562
375 979
375 954
375 510
375 647
376 399
377 673
378 960
378 546
378 697
378 751
380 890
380 862
381 775
382 817
382 837
382 929
384 452
384 709
385 928
385 740
385 652
385 786
385 753
385 594
385 759
386 642
386 488
386 501
386 764
386 606
387 866
387 771
387 437
387 982
388 833
388 770
388 908
388 399
389 984
389 997
389 830
390 868
390 789
390 726
390 696
391 513
391 837
392 878
392 828
392 959
393 514
393 804
394 760
394 698
394 750
394 975
395 807
395 813
395 791
395 638
396 552
397 928
397 962
397 486
397 714
397 464
397 479
398 762
398 434
398 519
398 533
399 483
399 893
400 405
400 857
400 849
401 577
401 787
402 684
402 667
403 410
403 518
403 958
404 714
404 460
404 601
406 659
406 653
406 854
407 781
407 724
407 685
408 681
408 631
409 619
409 881
409 628
410 436
411 456
411 425
411 548
411 552
412 547
413 579
413 887
414 883
414 578
414 789
415 816
415 651
415 507
415 702
417 545
417 902
417 808
417 976
417 440
417 508
417 798
418 960
418 515
418 966
419 653
419 984
419 600
420 428
420 690
420 986
420 507
421 737
421 797
422 548
422 902
422 744
422 438
423 482
424 868
424 971
424 908
424 495
424 603
425 579
426 725
426 987
426 511
427 489
427 815
428 556
428 750
429 677
429 680
429 593
429 851
429 439
430 495
431 869
431 727
431 791
431 475
432 456
432 785
432 960
432 893
433 694
434 634
436 667
436 677
436 553
436 761
436 505
437 546
437 891
437 552
437 782
437 799
438 710
438 856
438 696
439 740
439 788
439 765
439 830
440 914
441 544
441 863
442 743
442 779
442 824
443 468
443 597
444 595
444 495
445 996
445 653
445 989
446 988
447 718
447 909
448 712
448 968
448 467
449 520
449 617
449 664
449 920
450 731
450 763
451 653
452 928
452 686
452 751
452 496
452 785
452 725
452 666
453 754
453 522
454 482
454 870
454 465
454 628
455 518
455 872
455 556
455 845
455 924
455 767
456 849
457 628
457 923
457 997
459 689
459 915
460 481
460 962
460 882
460 599
460 602
461 614
461 750
461 918
461 764
462 712
462 991
462 758
462 887
463 580
463 805
463 535
464 773
464 629
465 809
465 533
466 880
466 790
466 553
466 721
466 627
466 501
466 631
468 529
469 720
469 697
469 514
469 858
469 914
470 488
470 850
470 828
471 940
472 480
472 969
472 984
473 898
473 979
473 986
473 478
474 838
474 845
474 631
474 638
475 617
475 683
475 524
475 910
475 731
475 703
476 605
476 766
477 670
478 644
478 874
478 940
478 941
478 793
479 929
479 646
479 973
479 882
479 953
479 666
480 819
480 544
481 540
481 925
481 526
482 821
483 522
483 859
484 563
485 793
486 711
486 978
486 693
486 636
489 898
489 932
489 914
489 753
489 498
489 503
489 794
489 703
489 671
490 901
490 706
490 715
491 641
491 578
493 775
493 495
493 854
494 608
495 604
496 645
496 507
496 988
496 733
497 546
497 920
497 922
497 700
498 679
499 705
499 501
499 511
500 963
500 533
500 790
501 786
501 976
501 755
502 517
502 686
502 536
502 538
503 528
503 907
503 816
504 718
504 710
505 613
505 519
505 593
505 723
506 914
506 986
506 559
507 676
507 717
507 941
507 853
508 977
508 555
509 645
509 698
509 957
510 585
510 772
510 966
511 975
511 894
511 830
511 917
512 572
512 917
513 545
513 697
513 865
514 864
514 626
515 647
515 561
515 638
516 676
516 775
516 789
516 859
517 983
518 577
518 929
518 746
518 587
518 911
518 790
519 819
520 662
520 968
520 967
520 994
520 654
520 958
521 728
521 715
521 919
522 976
522 692
522 854
522 925
523 989
523 877
523 750
524 884
524 963
525 688
525 867
525 950
526 698
526 572
527 765
527 742
528 552
528 619
528 753
529 809
530 857
530 716
531 912
531 596
531 701
532 871
532 880
532 947
532 661
533 871
533 879
533 938
534 872
534 940
534 836
534 574
535 580
536 709
536 805
537 600
537 972
537 832
538 776
538 585
538 943
538 882
538 885
538 729
539 917
539 726
540 914
541 793
541 798
542 640
542 872
542 754
542 953
542 635
542 554
543 611
543 758
544 934
544 648
544 652
544 817
544 696
545 772
545 938
545 883
546 806
546 720
547 957
548 577
548 656
548 571
548 700
549 796
549 963
550 688
551 906
551 946
551 989
552 860
552 917
554 743
554 601
554 859
555 640
555 898
555 589
556 846
556 851
556 660
557 776
557 875
557 661
557 919
558 849
558 908
560 960
560 877
560 918
560 885
561 847
562 794
562 621
563 684
563 635
563 767
565 648
566 739
566 710
566 889
566 671
567 929
568 656
568 871
569 649
571 864
571 786
571 825
572 648
573 842
574 651
575 924
576 632
576 762
576 601
577 750
578 645
578 989
578 991
579 642
580 674
580 934
581 656
581 679
582 905
582 929
584 600
584 979
585 932
586 857
586 879
588 661
588 967
589 647
589 844
589 813
589 628
590 681
590 606
592 886
593 968
593 713
593 914
594 858
595 694
595 774
595 667
596 736
596 771
596 746
596 686
596 598
596 696
597 936
597 877
598 944
598 796
599 642
599 622
599 802
600 677
601 642
601 737
601 815
601 977
601 696
603 736
603 931
603 998
604 705
604 642
604 937
604 664
604 957
605 937
606 710
606 811
606 631
607 921
607 757
607 671
608 962
609 637
609 686
609 906
610 887
612 969
613 899
613 783
614 709
614 759
614 827
614 991
615 757
616 960
616 629
616 921
617 836
617 945
617 991
618 928
619 894
620 986
620 869
621 856
623 683
623 988
624 682
624 703
624 631
625 902
625 753
627 643
627 781
627 849
627 917
628 880
629 907
629 787
629 922
630 953
630 804
631 804
631 798
632 706
632 971
632 818
633 946
633 853
634 914
636 976
636 724
637 947
637 649
638 817
638 780
638 655
638 883
639 976
640 993
640 715
640 816
640 761
641 711
641 983
642 874
642 689
642 730
643 711
644 947
645 800
645 657
645 918
645 919
647 739
647 990
648 933
648 812
648 824
648 664
649 875
649 941
650 930
650 741
653 866
653 724
653 890
654 930
655 844
656 736
656 936
658 691
659 946
660 746
663 723
664 897
665 749
667 794
668 885
668 695
668 925
669 876
669 847
669 789
669 911
670 854
670 759
671 688
672 834
672 969
672 720
672 913
673 745
673 907
674 947
675 889
675 862
675 998
676 912
676 976
676 930
678 917
679 721
679 965
680 784
680 789
681 787
681 701
682 928
682 851
682 983
684 789
685 866
686 708
687 746
687 838
688 965
688 874
688 831
689 809
690 753
690 717
691 926
691 815
692 933
692 734
694 746
694 725
694 996
695 721
695 932
695 965
697 974
697 906
698 783
701 919
702 999
702 847
702 981
702 794
703 941
704 948
704 915
705 706
705 936
705 907
705 882
706 938
707 868
708 934
709 947
710 880
710 917
710 837
711 773
711 847
713 739
715 823
716 888
716 960
718 733
719 855
720 935
721 941
722 910
723 837
724 803
725 867
725 983
727 738
727 837
728 973
732 748
733 825
736 937
738 995
740 975
740 787
740 892
742 977
742 771
743 993
744 832
744 964
744 910
744 887
744 831
745 833
746 978
747 978
748 812
749 936
750 859
751 999
751 841
752 809
752 756
752 849
754 784
755 867
755 813
755 921
755 987
756 933
758 796
759 908
759 784
760 921
760 980
761 769
763 894
765 838
765 873
765 969
766 856
768 851
769 934
770 878
772 815
772 982
773 947
775 929
775 812
776 973
776 858
777 900
778 898
778 924
778 926
779 961
779 842
779 854
779 920
780 849
781 803
782 817
784 944
785 800
787 880
787 987
791 963
792 840
793 809
793 814
793 848
794 855
795 826
795 982
795 807
798 806
798 922
799 846
803 832
806 933
806 818
807 959
810 935
812 846
813 899
815 931
816 871
820 976
823 895
824 825
825 917
826 916
828 896
828 965
828 908
829 997
830 955
832 914
834 948
835 923
835 871
835 935
835 891
839 939
840 992
840 918
840 854
841 913
842 861
842 946
842 923
843 943
843 862
843 887
845 849
845 869
846 925
848 897
850 981
850 984
851 868
852 865
852 985
852 889
853 886
854 908
855 968
856 875
860 972
862 900
863 921
863 910
864 955
865 987
866 881
867 936
870 966
872 875
872 964
876 928
876 914
878 905
880 889
883 962
883 941
883 887
885 951
887 995
893 907
893 948
895 940
897 970
898 900
898 956
911 935
916 937
916 918
917 931
917 964
917 925
919 968
920 983
921 965
924 942
924 945
925 992
929 961
932 990
938 997
943 960
960 985
964 988
966 998
967 994
987 992
