0 128
0 263
1 876
1 743
2 893
2 981
3 454
3 379
3 267
3 954
3 231
3 661
3 571
3 766
4 731
4 925
5 464
5 72
6 941
6 449
6 120
6 441
6 231
7 204
7 871
8 943
8 812
8 112
9 974
9 839
10 827
10 618
11 578
11 751
11 513
12 649
12 172
13 454
13 923
14 518
14 293
14 984
15 716
15 719
16 284
16 810
17 900
17 436
18 511
18 287
18 973
19 311
19 591
19 665
20 236
20 158
21 476
21 395
21 850
22 140
22 997
22 876
22 738
23 562
23 311
24 876
24 436
25 531
25 767
26 894
26 587
26 622
27 608
27 513
28 306
28 762
29 436
29 635
29 919
29 107
30 555
30 667
30 883
30 464
30 436
31 185
31 331
32 926
32 714
32 726
33 334
33 905
33 77
34 572
34 554
34 568
35 383
35 319
36 969
36 364
37 632
37 788
37 304
37 979
37 750
37 453
37 306
37 173
37 854
37 575
37 493
37 876
37 774
37 699
37 757
37 849
38 660
38 977
38 313
39 465
39 943
39 839
39 398
39 50
40 880
40 560
40 614
40 352
41 89
41 822
42 844
42 713
42 791
43 943
43 852
43 795
43 432
44 923
44 778
45 772
45 503
46 479
46 134
47 593
47 889
48 361
48 436
48 887
48 952
48 613
48 913
48 481
48 554
48 403
48 235
48 573
48 267
48 410
48 725
48 221
49 125
49 653
50 272
50 236
50 610
50 807
50 813
50 411
50 532
50 598
50 776
50 508
50 685
50 267
50 39
50 490
51 563
51 704
52 943
52 478
53 867
53 525
53 113
53 671
54 284
54 404
55 235
55 338
55 663
55 223
56 648
56 89
57 271
57 837
57 848
57 993
57 492
57 242
57 267
57 506
58 211
58 383
58 876
58 352
58 968
58 654
58 119
59 651
59 633
60 897
60 884
61 492
61 930
62 727
62 235
62 382
62 812
63 917
63 633
64 166
64 404
64 809
65 413
65 304
66 943
66 169
66 892
67 140
67 201
67 493
68 716
68 778
68 436
69 574
69 281
69 422
69 779
69 981
69 849
69 756
70 803
70 389
70 918
71 881
71 933
71 717
71 754
71 857
72 342
72 5
73 532
73 849
74 308
74 923
75 534
75 495
76 252
76 229
76 914
76 847
76 98
76 813
76 763
77 194
77 665
77 762
77 33
78 476
78 752
79 96
79 879
80 112
80 289
81 124
81 661
81 600
82 723
82 669
83 267
83 775
83 637
83 813
83 495
83 831
84 951
84 774
85 839
85 195
85 102
86 178
86 833
87 143
87 538
87 156
87 849
87 516
88 677
88 839
88 855
88 705
89 41
89 56
90 877
90 168
91 408
91 513
92 991
92 567
92 652
93 944
93 450
93 239
93 611
93 973
94 306
94 438
94 283
94 399
95 357
95 681
96 79
96 572
97 562
97 114
97 483
97 948
97 306
97 508
97 313
98 582
98 76
98 998
99 343
99 913
99 177
100 904
100 837
101 374
101 112
102 85
102 428
102 423
103 671
103 366
104 105
104 535
105 876
105 104
105 334
106 855
106 228
106 273
107 29
107 644
108 402
108 763
108 600
109 282
109 589
110 933
110 588
111 362
111 508
112 80
112 101
112 8
112 813
113 53
113 206
114 97
114 168
115 226
115 165
116 254
116 775
117 188
117 957
118 946
118 397
118 393
118 908
118 635
119 923
119 657
119 58
120 615
120 6
120 419
120 391
120 225
121 409
121 383
122 296
122 777
123 699
123 283
124 81
124 426
124 779
124 224
125 49
125 146
126 501
126 517
126 358
127 936
127 268
127 644
127 352
127 637
127 238
127 436
127 223
128 0
128 671
128 526
129 186
129 364
130 332
130 784
131 538
131 431
132 810
132 859
133 260
133 877
134 812
134 46
134 720
135 474
135 828
136 648
136 352
137 849
137 359
138 251
138 281
139 825
139 174
140 67
140 518
140 22
140 544
140 892
140 429
140 833
140 310
140 433
140 708
140 562
140 849
141 580
141 235
142 227
142 266
142 460
143 87
143 255
143 971
144 694
144 707
144 825
144 646
144 812
145 308
145 945
146 847
146 125
147 174
147 379
148 675
148 663
148 993
148 974
149 952
149 809
150 232
150 958
151 378
151 442
152 884
152 684
152 344
152 859
153 853
153 472
154 264
154 857
154 421
154 383
154 361
155 848
155 349
156 87
156 791
156 166
157 284
157 984
158 860
158 20
159 278
159 353
160 895
160 957
161 600
161 234
162 511
162 970
162 786
163 983
163 195
164 668
164 304
164 447
164 689
164 944
164 597
165 436
165 115
166 64
166 573
166 533
166 783
166 914
166 913
166 560
166 605
166 156
167 961
167 962
167 867
167 279
167 484
167 396
168 215
168 788
168 869
168 630
168 114
168 90
168 779
168 304
168 999
169 66
169 569
170 961
170 433
170 829
171 191
171 436
172 833
172 770
172 874
172 829
172 334
172 838
172 12
173 849
173 299
173 470
173 628
173 748
173 621
173 37
173 208
174 876
174 243
174 147
174 139
175 589
175 777
176 598
176 542
177 864
177 99
178 86
178 375
179 198
179 624
180 544
180 597
180 384
181 869
181 418
182 913
182 826
183 562
183 368
184 785
184 884
185 842
185 31
186 508
186 626
186 129
186 330
186 238
187 475
187 514
187 635
187 520
188 117
188 534
189 769
189 797
190 199
190 764
191 171
191 286
191 997
192 262
192 778
193 337
193 466
194 77
194 486
195 85
195 163
196 813
196 228
197 234
197 306
198 179
198 865
199 606
199 190
200 352
200 906
201 67
201 556
201 684
201 671
201 506
201 517
202 380
202 670
202 356
203 876
203 285
204 7
204 609
205 283
205 493
206 113
206 314
207 208
207 758
207 717
208 207
208 602
208 173
209 305
209 807
209 437
209 605
209 672
210 812
210 767
211 58
211 921
212 992
212 674
213 839
213 371
214 247
214 869
215 424
215 168
215 858
215 506
215 887
216 904
216 272
217 430
217 991
218 267
218 833
219 907
219 923
220 525
220 732
221 848
221 48
222 234
222 331
223 55
223 562
223 127
223 885
224 562
224 124
225 400
225 120
226 831
226 115
227 933
227 142
227 456
227 897
227 678
228 106
228 255
228 549
228 196
228 873
229 76
229 642
230 903
230 463
230 747
230 410
231 3
231 839
231 584
231 6
232 150
232 651
233 869
233 357
234 604
234 197
234 583
234 753
234 341
234 222
234 383
234 447
234 161
234 319
235 508
235 710
235 141
235 610
235 995
235 55
235 323
235 62
235 48
235 778
235 853
235 301
235 733
235 336
235 897
235 254
236 20
236 50
236 906
236 493
237 345
237 711
237 500
237 857
237 430
237 833
238 352
238 374
238 127
238 186
238 380
238 513
238 551
239 868
239 93
240 412
240 778
241 324
241 849
242 312
242 57
243 174
243 536
244 363
244 657
245 923
245 779
245 876
246 597
246 334
247 214
247 275
248 725
248 357
249 287
249 315
249 308
250 719
250 876
251 253
251 138
251 535
252 76
252 306
253 535
253 251
254 322
254 116
254 235
255 330
255 228
255 143
256 580
256 562
257 436
257 859
258 911
258 804
258 603
259 430
259 940
259 313
259 967
259 436
259 761
259 488
260 934
260 133
260 743
260 744
261 493
261 287
262 345
262 192
263 798
263 853
263 0
264 472
264 154
264 442
265 914
265 306
265 397
266 142
266 848
267 298
267 815
267 422
267 475
267 896
267 406
267 3
267 83
267 627
267 304
267 547
267 48
267 57
267 961
267 218
267 50
267 318
267 729
267 597
267 440
267 538
267 485
267 528
268 529
268 127
269 641
269 603
270 968
270 921
270 334
271 57
271 879
272 304
272 50
272 216
273 527
273 106
274 441
274 702
274 850
275 442
275 247
276 926
276 549
276 493
276 280
277 925
277 737
277 367
277 857
277 999
278 159
278 654
279 536
279 167
280 634
280 291
280 276
280 666
281 528
281 69
281 678
281 138
282 999
282 618
282 109
282 570
282 984
282 613
282 754
283 643
283 205
283 94
283 123
284 54
284 16
284 565
284 778
284 756
284 719
284 157
284 510
284 599
284 751
284 597
284 853
284 380
284 328
284 479
285 803
285 312
285 203
286 690
286 191
287 350
287 837
287 249
287 18
287 518
287 316
287 261
288 297
288 837
289 506
289 80
290 571
290 638
291 658
291 732
291 280
292 501
292 971
293 14
293 678
293 651
294 660
294 426
295 884
295 919
295 372
295 312
296 671
296 122
297 471
297 671
297 288
297 328
297 930
297 329
298 267
298 869
298 788
298 661
298 376
298 810
299 173
299 839
299 792
300 672
300 562
301 235
301 542
302 305
302 380
302 425
303 928
303 402
304 272
304 164
304 37
304 812
304 471
304 267
304 380
304 65
304 168
304 983
305 209
305 302
305 755
306 94
306 812
306 265
306 28
306 552
306 754
306 839
306 619
306 252
306 470
306 97
306 197
306 37
306 784
306 810
306 414
306 714
306 606
306 374
306 848
307 902
307 889
308 145
308 379
308 580
308 74
308 555
308 612
308 605
308 808
308 249
309 778
309 333
310 400
310 140
311 839
311 19
311 766
311 23
312 411
312 242
312 481
312 555
312 569
312 285
312 833
312 884
312 295
313 38
313 259
313 780
313 97
314 759
314 206
315 833
315 898
315 249
315 795
315 334
316 876
316 541
316 287
317 542
317 839
318 575
318 267
319 704
319 858
319 500
319 941
319 383
319 35
319 234
320 713
320 636
321 876
321 880
322 254
322 344
322 812
322 741
322 350
323 235
323 654
323 899
323 340
324 612
324 241
325 837
325 338
325 572
326 839
326 848
326 362
326 378
326 763
326 589
327 535
327 556
328 802
328 297
328 284
329 436
329 352
329 297
330 255
330 186
331 562
331 699
331 593
331 222
331 31
332 130
332 436
333 676
333 904
333 309
334 33
334 981
334 479
334 770
334 270
334 352
334 449
334 105
334 893
334 172
334 315
334 246
334 716
334 932
334 842
334 612
335 466
335 820
336 501
336 857
336 886
336 235
336 558
337 193
337 557
338 398
338 325
338 55
338 741
339 797
339 445
340 413
340 323
341 520
341 234
341 377
341 812
341 556
341 702
341 837
342 72
342 562
343 839
343 99
344 152
344 322
345 237
345 262
346 698
346 942
347 436
347 415
348 481
348 658
349 377
349 155
350 287
350 562
350 322
350 909
351 656
351 620
351 918
352 433
352 587
352 474
352 200
352 850
352 334
352 238
352 127
352 58
352 857
352 950
352 136
352 705
352 424
352 605
352 329
352 663
352 40
352 952
352 660
353 820
353 444
353 159
354 406
354 884
355 468
355 877
356 482
356 514
356 584
356 202
356 603
357 95
357 424
357 248
357 233
358 941
358 126
359 928
359 817
359 719
359 137
360 443
360 639
361 48
361 436
361 837
361 486
361 650
361 154
362 326
362 111
363 904
363 244
363 865
364 129
364 36
365 841
365 713
366 876
366 103
367 763
367 972
367 674
367 966
367 277
367 405
367 923
367 727
367 583
367 739
367 576
368 872
368 183
369 811
369 708
370 744
370 623
371 213
371 572
372 671
372 295
373 748
373 470
373 734
374 101
374 833
374 238
374 605
374 895
374 306
375 545
375 178
376 298
376 810
377 657
377 349
377 792
377 341
377 740
378 151
378 385
378 876
378 326
379 635
379 308
379 3
379 990
379 408
379 759
379 479
379 147
380 202
380 459
380 750
380 734
380 645
380 877
380 508
380 649
380 304
380 873
380 302
380 620
380 563
380 284
380 238
380 491
380 891
380 898
380 553
380 480
381 994
381 383
382 62
382 878
383 35
383 442
383 58
383 474
383 919
383 319
383 479
383 884
383 234
383 506
383 837
383 381
383 863
383 121
383 441
383 154
384 745
384 180
385 378
385 487
386 858
386 423
387 850
387 849
388 516
388 759
389 852
389 70
389 741
389 815
390 865
390 901
391 922
391 120
392 631
392 973
393 672
393 118
394 645
394 942
394 887
394 849
394 527
394 869
394 988
395 752
395 21
396 715
396 167
397 265
397 118
397 671
398 338
398 39
399 94
399 512
400 310
400 225
401 876
401 768
402 562
402 108
402 303
403 961
403 626
403 48
404 54
404 64
405 772
405 367
406 354
406 546
406 267
406 460
407 935
407 976
408 91
408 379
409 941
409 812
409 121
409 997
410 576
410 48
410 873
410 230
411 312
411 50
411 766
412 240
412 647
413 340
413 65
413 435
413 833
413 846
414 306
414 501
415 347
415 704
416 907
416 802
417 454
417 677
418 181
418 509
419 120
419 722
420 975
420 932
421 848
421 154
422 267
422 69
422 506
423 102
423 386
424 215
424 357
424 352
425 837
425 905
425 302
426 124
426 568
426 439
426 294
427 917
427 481
427 589
428 954
428 102
429 140
429 519
430 769
430 618
430 259
430 217
430 816
430 839
430 691
430 237
431 131
431 996
432 804
432 43
433 882
433 352
433 757
433 170
433 832
433 140
433 957
434 535
434 563
435 975
435 413
436 347
436 992
436 329
436 48
436 257
436 361
436 29
436 259
436 964
436 68
436 165
436 449
436 481
436 127
436 931
436 17
436 510
436 794
436 963
436 332
436 460
436 876
436 24
436 30
436 171
437 209
437 973
438 94
438 928
438 994
438 581
439 848
439 766
439 426
440 569
440 837
440 267
441 618
441 884
441 274
441 6
441 876
441 383
442 383
442 706
442 574
442 151
442 540
442 264
442 533
442 471
442 275
442 793
443 360
443 812
444 579
444 353
445 707
445 956
445 797
445 506
445 469
445 339
445 580
446 754
446 919
447 933
447 164
447 869
447 234
447 849
448 969
448 866
449 6
449 334
449 436
449 693
449 656
449 501
450 671
450 93
451 710
451 631
452 635
452 581
453 621
453 839
453 564
453 640
453 37
454 580
454 3
454 417
454 13
455 580
455 980
456 591
456 227
457 812
457 854
458 924
458 812
459 380
459 807
460 701
460 505
460 924
460 715
460 406
460 436
460 592
460 142
461 946
461 933
462 675
462 597
463 522
463 230
464 603
464 925
464 30
464 5
465 39
465 542
466 686
466 335
466 741
466 193
467 905
467 824
468 355
468 814
469 445
469 644
470 173
470 518
470 373
470 833
470 306
470 685
470 986
471 947
471 297
471 304
471 442
472 264
472 153
473 933
473 654
473 833
474 383
474 837
474 352
474 135
475 187
475 267
476 21
476 78
477 673
477 697
478 52
478 801
479 46
479 813
479 739
479 334
479 872
479 379
479 383
479 681
479 284
480 380
480 737
481 535
481 348
481 787
481 427
481 48
481 870
481 666
481 312
481 436
481 804
481 839
482 603
482 907
482 356
482 639
483 97
483 822
484 590
484 698
484 823
484 167
485 775
485 267
486 361
486 194
486 914
486 772
486 749
487 902
487 385
487 536
488 810
488 695
488 849
488 898
488 259
489 933
489 524
489 618
490 815
490 50
491 614
491 951
491 671
491 638
491 380
492 61
492 57
492 916
493 67
493 236
493 276
493 205
493 261
493 37
494 816
494 766
495 590
495 83
495 75
496 635
496 948
497 966
497 910
497 785
497 671
498 715
498 562
499 708
499 928
499 580
500 985
500 319
500 237
501 730
501 292
501 974
501 126
501 907
501 336
501 842
501 657
501 414
501 449
502 688
502 740
503 45
503 930
503 979
504 605
504 583
505 460
505 848
505 861
506 865
506 445
506 724
506 289
506 734
506 57
506 383
506 201
506 422
506 215
507 554
507 508
507 826
508 235
508 186
508 872
508 380
508 626
508 839
508 507
508 625
508 790
508 50
508 884
508 821
508 111
508 97
508 595
508 931
509 418
509 785
510 284
510 436
511 162
511 18
511 886
512 721
512 671
512 399
513 935
513 955
513 707
513 779
513 534
513 91
513 933
513 238
513 837
513 11
513 694
513 975
513 999
513 928
513 27
514 187
514 356
514 588
515 540
515 672
516 388
516 604
516 87
517 778
517 126
517 201
517 526
518 140
518 470
518 14
518 287
519 590
519 429
520 341
520 187
521 779
521 995
521 574
522 463
522 742
523 852
523 836
524 489
524 812
525 715
525 53
525 220
525 707
525 559
526 618
526 817
526 661
526 517
526 128
527 273
527 394
528 281
528 727
528 267
529 268
529 912
530 823
530 829
531 916
531 25
531 884
532 73
532 50
533 166
533 442
534 75
534 513
534 188
534 671
535 481
535 542
535 434
535 253
535 995
535 580
535 327
535 884
535 104
535 830
535 972
535 251
535 666
536 279
536 243
536 487
537 572
537 714
538 816
538 131
538 87
538 809
538 849
538 860
538 267
538 813
539 689
539 586
540 515
540 442
540 972
540 799
541 728
541 700
541 904
541 316
542 535
542 752
542 620
542 878
542 700
542 317
542 603
542 176
542 657
542 465
542 301
542 561
542 856
543 779
543 837
544 140
544 180
545 375
545 773
546 406
546 859
547 684
547 267
547 905
548 872
548 822
549 276
549 228
550 876
550 735
550 818
551 943
551 238
552 306
552 747
553 583
553 923
553 592
553 380
553 989
554 507
554 48
554 34
554 849
555 308
555 614
555 30
555 312
555 805
556 201
556 327
556 341
556 690
557 337
557 945
558 884
558 662
558 336
559 810
559 876
559 680
559 525
560 40
560 166
561 993
561 542
562 183
562 97
562 331
562 618
562 402
562 23
562 498
562 224
562 350
562 654
562 300
562 574
562 223
562 256
562 687
562 342
562 140
563 51
563 833
563 630
563 434
563 380
564 453
564 950
565 284
565 805
566 812
566 974
567 92
567 849
567 749
567 907
568 426
568 837
568 34
569 440
569 312
569 169
570 282
570 622
571 290
571 853
571 3
572 537
572 34
572 849
572 371
572 325
572 96
572 574
573 166
573 48
573 672
574 69
574 615
574 715
574 442
574 854
574 837
574 617
574 637
574 562
574 521
574 572
575 318
575 37
576 410
576 844
576 976
576 367
577 781
577 728
578 11
578 812
579 743
579 444
579 976
579 839
580 711
580 454
580 951
580 884
580 141
580 308
580 455
580 535
580 256
580 894
580 825
580 499
580 829
580 724
580 445
581 452
581 438
582 98
582 777
583 553
583 234
583 504
583 877
583 367
584 356
584 231
585 785
585 962
586 806
586 539
587 352
587 26
588 514
588 110
589 175
589 427
589 109
589 326
590 484
590 519
590 495
590 972
591 456
591 19
592 553
592 460
593 842
593 47
593 331
594 610
594 898
595 788
595 508
596 838
596 690
597 658
597 246
597 180
597 789
597 164
597 284
597 755
597 267
597 462
598 176
598 50
599 920
599 284
600 161
600 81
600 108
601 683
601 671
602 208
602 799
603 482
603 772
603 269
603 464
603 542
603 884
603 961
603 258
603 356
604 234
604 516
604 937
605 504
605 815
605 772
605 654
605 308
605 209
605 352
605 374
605 166
606 199
606 306
607 778
607 913
608 27
608 776
609 204
609 813
610 594
610 50
610 235
610 991
611 618
611 754
611 93
612 324
612 857
612 308
612 879
612 700
612 955
612 334
613 48
613 282
614 491
614 555
614 688
614 40
614 709
615 120
615 574
616 957
616 834
617 812
617 574
618 430
618 611
618 562
618 441
618 526
618 282
618 10
618 965
618 793
618 876
618 712
618 833
618 489
618 915
619 306
619 787
620 542
620 351
620 380
621 453
621 642
621 716
621 812
621 173
622 991
622 661
622 639
622 26
622 654
622 570
623 370
623 625
624 876
624 179
625 623
625 508
626 403
626 186
626 508
627 629
627 267
627 786
628 949
628 173
629 627
629 907
630 563
630 168
631 392
631 451
632 900
632 37
632 998
633 63
633 59
634 280
634 829
635 496
635 452
635 379
635 663
635 967
635 640
635 29
635 187
635 118
636 688
636 320
637 127
637 574
637 83
638 491
638 290
639 482
639 622
639 360
640 453
640 635
640 669
640 963
641 269
641 876
642 621
642 999
642 229
643 283
643 933
643 860
644 837
644 933
644 127
644 885
644 107
644 469
645 394
645 380
646 928
646 144
646 841
647 412
647 843
648 56
648 136
649 380
649 12
650 735
650 361
651 232
651 59
651 293
652 92
652 716
653 49
653 718
654 749
654 605
654 278
654 323
654 658
654 58
654 562
654 622
654 473
654 840
655 848
655 940
656 351
656 449
657 377
657 542
657 119
657 501
657 244
657 810
658 597
658 688
658 291
658 960
658 848
658 348
658 890
658 654
659 962
659 831
660 38
660 294
660 857
660 352
661 81
661 298
661 622
661 3
661 526
662 943
662 558
663 864
663 635
663 148
663 55
663 352
664 902
664 800
665 77
665 19
666 481
666 999
666 280
666 535
667 30
667 703
668 164
668 804
669 870
669 82
669 640
669 875
669 759
670 998
670 202
671 296
671 771
671 103
671 907
671 297
671 450
671 372
671 201
671 491
671 128
671 601
671 497
671 512
671 909
671 53
671 534
671 397
672 393
672 300
672 209
672 515
672 573
673 938
673 477
674 367
674 212
675 148
675 760
675 462
675 711
676 837
676 333
676 918
676 987
676 845
677 88
677 417
678 293
678 281
678 227
679 966
679 712
680 849
680 559
681 479
681 95
682 952
682 719
683 601
683 842
684 152
684 547
684 201
684 884
685 470
685 50
686 466
686 701
687 876
687 562
688 658
688 636
688 614
688 502
689 164
689 539
689 991
690 596
690 286
690 556
691 837
691 430
692 834
692 796
693 449
693 833
694 144
694 513
695 771
695 488
696 869
696 958
697 851
697 477
698 484
698 942
698 346
699 331
699 764
699 744
699 123
699 37
699 822
700 542
700 541
700 612
701 686
701 460
702 274
702 341
703 973
703 704
703 667
704 319
704 975
704 51
704 415
704 954
704 833
704 703
705 884
705 352
705 88
706 742
706 442
706 991
706 728
707 144
707 445
707 513
707 876
707 525
707 910
708 499
708 369
708 899
708 140
709 959
709 614
710 235
710 927
710 451
711 580
711 237
711 675
712 679
712 618
713 320
713 42
713 365
714 32
714 537
714 306
715 396
715 525
715 498
715 574
715 460
716 15
716 621
716 68
716 753
716 652
716 998
716 334
717 945
717 207
717 71
718 743
718 653
719 250
719 818
719 284
719 15
719 359
719 682
719 888
720 736
720 134
721 811
721 512
722 839
722 419
723 839
723 82
724 506
724 580
725 248
725 48
725 729
726 32
726 977
727 62
727 528
727 849
727 367
728 541
728 706
728 577
729 267
729 725
730 501
730 779
731 794
731 4
732 928
732 291
732 220
733 989
733 235
734 896
734 380
734 506
734 373
735 650
735 550
736 720
736 907
737 277
737 987
737 480
738 848
738 22
739 479
739 367
739 939
740 377
740 502
741 898
741 338
741 466
741 389
741 322
742 706
742 522
742 984
742 779
742 800
743 579
743 718
743 260
743 1
744 370
744 699
744 260
745 923
745 384
746 884
746 814
747 230
747 552
748 373
748 173
749 654
749 836
749 567
749 842
749 965
749 486
750 857
750 380
750 37
751 284
751 11
751 829
752 395
752 542
752 78
753 923
753 234
753 716
753 813
754 446
754 611
754 306
754 282
754 71
755 827
755 814
755 597
755 305
756 284
756 837
756 69
757 433
757 37
758 207
758 879
758 902
759 314
759 379
759 388
759 669
760 873
760 675
760 862
761 259
761 804
762 28
762 77
763 367
763 108
763 326
763 76
764 699
764 190
765 984
765 927
766 990
766 494
766 311
766 439
766 868
766 3
766 411
767 210
767 782
767 25
768 401
768 982
768 937
769 430
769 189
770 172
770 334
771 671
771 695
772 603
772 605
772 405
772 45
772 486
773 856
773 545
774 37
774 84
775 485
775 83
775 116
776 608
776 50
777 582
777 122
777 175
778 309
778 607
778 192
778 898
778 839
778 284
778 68
778 517
778 44
778 235
778 936
778 240
779 833
779 927
779 543
779 513
779 245
779 951
779 521
779 124
779 69
779 742
779 730
779 168
780 935
780 313
781 994
781 577
781 837
782 870
782 767
783 952
783 166
784 130
784 306
785 972
785 585
785 497
785 943
785 509
785 184
786 875
786 627
786 162
787 481
787 976
787 619
788 298
788 37
788 168
788 882
788 595
789 597
789 974
790 508
790 808
791 42
791 156
792 377
792 299
793 839
793 618
793 442
794 731
794 436
795 43
795 315
796 692
796 848
797 339
797 445
797 189
797 933
798 263
798 884
799 602
799 540
800 664
800 742
801 849
801 478
802 328
802 416
803 70
803 285
804 258
804 849
804 432
804 481
804 761
804 812
804 668
805 565
805 555
806 586
806 833
807 50
807 459
807 209
808 308
808 790
809 853
809 64
809 538
809 149
810 559
810 132
810 488
810 869
810 298
810 306
810 376
810 16
810 657
811 721
811 369
812 566
812 306
812 134
812 458
812 837
812 8
812 617
812 304
812 621
812 210
812 457
812 409
812 443
812 578
812 524
812 876
812 341
812 62
812 980
812 144
812 322
812 930
812 804
813 920
813 479
813 50
813 196
813 83
813 609
813 112
813 76
813 753
813 538
814 755
814 746
814 468
815 605
815 267
815 490
815 389
816 538
816 430
816 494
817 359
817 526
818 719
818 550
819 941
819 998
820 353
820 335
821 837
821 508
822 41
822 548
822 984
822 483
822 699
823 530
823 484
824 833
824 467
825 898
825 144
825 139
825 580
826 182
826 507
827 755
827 10
827 959
828 851
828 135
829 953
829 172
829 170
829 866
829 580
829 634
829 751
829 530
830 863
830 535
831 872
831 659
831 226
831 960
831 83
832 433
832 952
833 779
833 172
833 86
833 563
833 988
833 315
833 824
833 374
833 470
833 704
833 140
833 934
833 312
833 618
833 917
833 413
833 806
833 218
833 473
833 693
833 237
834 692
834 616
835 957
835 909
835 848
836 749
836 523
837 644
837 287
837 57
837 676
837 325
837 474
837 812
837 912
837 361
837 425
837 543
837 568
837 100
837 821
837 849
837 756
837 876
837 781
837 574
837 440
837 383
837 864
837 513
837 691
837 288
837 341
838 596
838 172
839 453
839 85
839 888
839 343
839 723
839 898
839 213
839 326
839 937
839 778
839 923
839 317
839 9
839 88
839 311
839 722
839 793
839 306
839 508
839 883
839 39
839 299
839 231
839 430
839 848
839 929
839 481
839 579
840 941
840 654
841 365
841 646
842 185
842 593
842 501
842 683
842 749
842 334
843 647
843 903
844 42
844 576
845 986
845 976
845 947
845 676
846 898
846 413
847 146
847 76
848 738
848 57
848 655
848 890
848 155
848 658
848 505
848 326
848 221
848 796
848 439
848 839
848 266
848 835
848 421
848 306
849 173
849 680
849 137
849 567
849 87
849 73
849 801
849 804
849 572
849 964
849 394
849 837
849 727
849 69
849 554
849 241
849 538
849 447
849 488
849 387
849 140
849 37
850 387
850 352
850 21
850 274
851 828
851 697
852 389
852 523
852 43
853 809
853 153
853 263
853 571
853 235
853 284
853 943
854 574
854 928
854 37
854 457
855 106
855 976
855 88
856 773
856 542
857 750
857 861
857 865
857 660
857 612
857 933
857 876
857 352
857 336
857 154
857 237
857 277
857 71
858 386
858 319
858 215
859 908
859 257
859 132
859 546
859 152
860 643
860 158
860 538
861 857
861 505
862 999
862 760
863 830
863 383
864 663
864 911
864 837
864 177
865 506
865 857
865 363
865 390
865 198
866 829
866 448
867 53
867 167
868 239
868 766
869 233
869 181
869 298
869 696
869 168
869 447
869 810
869 394
869 214
870 669
870 481
870 782
871 938
871 7
872 508
872 548
872 368
872 479
872 831
873 760
873 410
873 380
873 228
874 172
874 985
875 786
875 669
875 956
876 321
876 933
876 174
876 978
876 203
876 970
876 105
876 401
876 641
876 624
876 58
876 378
876 245
876 857
876 316
876 550
876 559
876 837
876 687
876 812
876 618
876 366
876 1
876 441
876 707
876 24
876 22
876 37
876 436
876 250
877 937
877 90
877 380
877 133
877 355
877 898
877 583
878 542
878 917
878 382
879 758
879 271
879 612
879 79
880 40
880 321
881 71
881 898
882 433
882 788
883 884
883 839
883 30
884 580
884 441
884 152
884 705
884 798
884 883
884 603
884 995
884 535
884 295
884 746
884 383
884 354
884 60
884 531
884 184
884 508
884 684
884 558
884 312
885 644
885 223
886 996
886 336
886 511
887 48
887 394
887 215
888 839
888 897
888 719
889 307
889 47
890 848
890 658
891 994
891 380
892 140
892 66
893 334
893 2
894 26
894 580
895 160
895 374
896 734
896 267
897 60
897 888
897 227
897 235
898 825
898 778
898 905
898 839
898 741
898 315
898 846
898 877
898 972
898 881
898 594
898 380
898 488
899 933
899 323
899 708
900 632
900 17
901 933
901 390
902 487
902 664
902 307
902 758
903 230
903 843
904 363
904 100
904 541
904 216
904 333
905 33
905 898
905 467
905 547
905 425
906 236
906 200
907 923
907 629
907 935
907 671
907 482
907 416
907 501
907 219
907 567
907 736
908 859
908 118
909 835
909 915
909 671
909 350
910 497
910 707
911 258
911 864
912 837
912 529
913 182
913 48
913 607
913 99
913 166
914 265
914 166
914 76
914 486
915 909
915 618
916 531
916 492
917 427
917 63
917 878
917 833
918 676
918 70
918 351
919 446
919 383
919 29
919 295
920 813
920 599
921 270
921 211
922 941
922 391
923 990
923 907
923 745
923 245
923 44
923 839
923 753
923 119
923 969
923 553
923 976
923 74
923 219
923 13
923 367
924 458
924 460
925 277
925 4
925 464
926 32
926 276
927 710
927 779
927 765
928 359
928 732
928 499
928 303
928 953
928 438
928 646
928 854
928 513
929 937
929 839
930 61
930 503
930 812
930 297
931 436
931 508
932 420
932 334
933 876
933 978
933 473
933 901
933 644
933 227
933 447
933 857
933 71
933 899
933 489
933 968
933 957
933 110
933 513
933 643
933 461
933 797
934 961
934 260
934 833
935 513
935 907
935 407
935 780
936 127
936 778
937 877
937 929
937 839
937 604
937 768
938 871
938 673
939 943
939 739
940 259
940 655
940 984
941 840
941 6
941 409
941 819
941 319
941 922
941 358
942 698
942 394
942 346
943 52
943 39
943 66
943 43
943 8
943 551
943 785
943 939
943 662
943 853
944 93
944 164
945 145
945 717
945 557
946 461
946 118
947 471
947 845
948 97
948 496
949 628
949 962
950 564
950 352
951 580
951 779
951 491
951 982
951 84
952 48
952 682
952 783
952 832
952 149
952 352
953 829
953 928
954 428
954 3
954 704
955 513
955 612
956 445
956 875
957 616
957 835
957 933
957 433
957 117
957 160
958 696
958 150
959 709
959 827
960 658
960 831
961 403
961 934
961 170
961 167
961 603
961 267
962 659
962 585
962 167
962 949
963 640
963 436
964 436
964 849
965 618
965 749
966 497
966 679
966 367
967 635
967 259
968 270
968 933
968 58
969 448
969 36
969 923
970 876
970 162
971 292
971 143
972 785
972 367
972 590
972 540
972 535
972 898
973 703
973 18
973 392
973 437
973 93
974 9
974 501
974 566
974 148
974 789
975 420
975 704
975 435
975 513
976 855
976 407
976 787
976 579
976 923
976 845
976 576
977 38
977 726
978 876
978 933
979 37
979 503
980 812
980 455
981 334
981 69
981 2
982 951
982 768
983 163
983 304
984 742
984 765
984 940
984 14
984 822
984 282
984 157
985 500
985 874
986 845
986 470
987 676
987 737
988 833
988 394
989 733
989 553
990 766
990 923
990 379
991 92
991 217
991 706
991 622
991 610
991 689
992 436
992 212
993 57
993 148
993 561
994 381
994 781
994 438
994 891
995 535
995 235
995 884
995 521
996 886
996 431
997 22
997 191
997 409
998 670
998 632
998 819
998 716
998 98
999 862
999 642
999 282
999 666
999 168
999 513
999 277
